1774911861459 0.46760473672081443 0
1774911862186 0.21746202847536872 1
1774911862980 0.17131070208315755 2
1774911863693 0.14632904880187092 3
1774911864469 0.13778086555939095 4
1774911865204 0.1337139995659099 5
1774911866089 0.13149111083909576 6
1774911867136 0.13025098890066147 7
1774911868072 0.12878919790188473 8
1774911868946 0.12640713400700512 9
1774911869783 0.12577895405245762 10
1774911870557 0.12519076393515455 11
1774911871380 0.12418173382095263 12
1774911872106 0.12320402045460309 13
1774911872938 0.12200348955743454 14
1774911873731 0.1208375561471079 15
1774911874626 0.11991775555937897 16
1774911875502 0.11991546136491439 17
1774911876351 0.11936478030447867 18
1774911877609 0.11943445977042703 19
1774911878444 0.11845165675177294 20
1774911879307 0.11807834804058075 21
1774911880053 0.11758979190798367 22
1774911880854 0.11668228767081804 23
1774911881657 0.11683059235413869 24
1774911882582 0.11599899790450638 25
1774911883381 0.11644592255938287 26
1774911884234 0.11578639582091686 27
1774911885027 0.11477673719911015 28
1774911885867 0.11341106409535688 29
1774911886650 0.11352030681628807 30
1774911887486 0.11322508986089744 31
1774911888211 0.11195607515526752 32
1774911889069 0.11167058310672348 33
1774911889871 0.11139047511068045 34
1774911890778 0.1115905703867183 35
1774911891607 0.11045459497208689 36
1774911892469 0.11024917849138671 37
1774911893331 0.11031333135039198 38
1774911894173 0.10982575074714773 39
1774911894975 0.10950381080893909 40
1774911895733 0.1093690535309268 41
1774911896618 0.10791231963564368 42
1774911897604 0.10790997904305365 43
1774911898546 0.10821457636706969 44
1774911899331 0.10811978482148227 45
1774911900176 0.10701548416240543 46
1774911900965 0.10672810060136459 47
1774911901878 0.10610307139508865 48
1774911902675 0.10589694608660305 49
